       Lon        Lat  FastDir(deg)  Amplitude(%)
 24.342295  45.713739       -12.692      0.012805
 25.438874  45.821367       -20.161      0.089634
 26.539493  45.918467       -22.344      0.115244
 27.643759  46.004965       -28.932      0.038415
 23.986916  44.944132        -9.515      0.012805
 25.064990  45.053549       -19.202      0.128049
 26.147003  45.152786       -21.215      0.268903
 27.232597  45.241772       -22.345      0.192073
 28.321398  45.320443       -39.481      0.089634
 29.413027  45.388742       -61.450      0.064024
 30.507095  45.446619       -73.233      0.038415
 24.703642  44.282116       -11.904      0.064024
 25.767646  44.383234       -19.493      0.243293
 26.835152  44.474441       -19.989      0.371342
 27.905816  44.555675       -24.208      0.409756
 28.979288  44.626880       -36.833      0.396951
 30.055211  44.688006       -53.000      0.217683
 31.133218  44.739011       -69.911      0.128049
 32.212938  44.779858       -73.291      0.076829
 33.293997  44.810519       -79.815      0.038415
 34.376014  44.830972        84.656      0.038415
 24.354249  43.507186         3.054      0.025610
 25.400818  43.609936       -10.683      0.102439
 26.450801  43.703108       -17.808      0.320122
 27.503883  43.786639       -19.481      0.601830
 28.559741  43.860476       -26.505      0.793903
 29.618044  43.924568       -35.438      0.614634
 30.678456  43.978874       -55.197      0.281707
 31.740633  44.023356       -69.681      0.217683
 32.804229  44.057984       -67.519      0.140854
 33.868892  44.082735       -74.742      0.064024
 34.934268  44.097593       -85.446      0.051220
 36.000000  44.102547       -79.563      0.038415
 37.065733  44.097593       -85.543      0.025610
 38.131109  44.082735       -60.045      0.000000
 24.016259  42.728872         6.649      0.012805
 25.045944  42.833017         5.705      0.051220
 26.078951  42.927905        -8.853      0.140854
 27.114989  43.013478       -13.307      0.409756
 28.153759  43.089682       -19.349      0.729878
 29.194958  43.156467       -26.724      0.845122
 30.238272  43.213792       -33.285      0.601830
 31.283388  43.261619       -53.622      0.204878
 32.329982  43.299918       -76.042      0.230488
 33.377731  43.328664       -43.882      0.217683
 34.426308  43.347839       -27.203      0.384147
 35.475381  43.357429       -49.056      0.192073
 36.524620  43.357429       -83.721      0.281707
 37.573693  43.347839       -80.146      0.179268
 38.622269  43.328664       -76.091      0.140854
 39.670018  43.299918       -78.478      0.102439
 40.716613  43.261619       -79.373      0.064024
 41.761728  43.213792        87.783      0.076829
 24.702482  42.052593         5.745      0.051220
 25.719041  42.148961         8.263      0.089634
 26.738554  42.236329        -4.064      0.230488
 27.760748  42.314644       -11.905      0.473781
 28.785340  42.383859       -21.420      0.729878
 29.812045  42.443932       -27.026      0.806708
 30.840569  42.494826       -26.626      0.422561
 31.870617  42.536509        65.197      0.294512
 32.901888  42.568957        78.835      0.512195
 33.934080  42.592148       -22.536      1.677440
 34.966886  42.606068       -25.866      2.176830
 36.000000  42.610709       -79.097      1.165244
 37.033114  42.606068       -82.813      1.203659
 38.065921  42.592148       -78.632      0.985976
 39.098112  42.568957       -78.067      0.755488
 40.129384  42.536509       -80.204      0.576220
 41.159432  42.494826       -83.245      0.512195
 42.187956  42.443932        85.233      0.486586
 43.214660  42.383859        80.207      0.371342
 44.239253  42.314644        64.511      0.076829
 24.369915  41.268780         0.347      0.038415
 25.370535  41.366397         7.168      0.089634
 26.374027  41.455322        10.848      0.153659
 27.380139  41.535503        -3.224      0.294512
 28.388611  41.606894       -14.034      0.422561
 29.399179  41.669454       -25.731      0.563415
 30.411573  41.723145       -34.290      0.332927
 31.425520  41.767937        65.820      1.114025
 32.440743  41.803802        70.776      2.407318
 33.456961  41.830719       -79.748      1.779879
 34.473891  41.848673       -35.314      3.918294
 35.491250  41.857653       -57.800      1.856708
 36.508751  41.857653        89.849      1.690245
 37.526110  41.848673       -80.899      1.626220
 38.543040  41.830719       -76.749      1.587806
 39.559258  41.803802       -74.463      1.600610
 40.574481  41.767937       -78.158      1.715854
 41.588428  41.723145       -87.495      1.549391
 42.600822  41.669454        79.873      1.126830
 43.611390  41.606894        62.787      0.473781
 44.619862  41.535503        25.281      0.268903
 24.047752  40.481686        -3.216      0.038415
 25.032923  40.580333         0.410      0.089634
 26.020881  40.670586        15.035      0.140854
 27.011390  40.752397        33.688      0.153659
 28.004214  40.825720        67.111      0.153659
 28.999107  40.890514        87.016      0.294512
 29.995821  40.946742       -80.873      0.473781
 30.994104  40.994375        76.717      1.959147
 31.993700  41.033384        77.382      3.841465
 32.994350  41.063747        85.827      4.174392
 33.995792  41.085447       -71.708      3.406099
 34.997764  41.098472       -58.725      1.971952
 36.000000  41.102815        69.385      0.755488
 37.002237  41.098472        57.839      0.601830
 38.004208  41.085447        70.994      0.409756
 39.005651  41.063747       -56.914      0.742683
 40.006300  41.033384       -47.433      2.023172
 41.005896  40.994375       -67.908      1.779879
 42.004180  40.946742       -77.886      1.190854
 43.000894  40.890514        60.086      0.435366
 43.995787  40.825720        20.389      0.921952
 44.988610  40.752397        16.420      0.627439
 24.705724  39.790884         0.474      0.102439
 25.678615  39.882245        15.122      0.179268
 26.653987  39.965457        62.090      0.332927
 27.631619  40.040475        77.901      1.152440
 28.611286  40.107261        86.597      1.677440
 29.592760  40.165777       -83.529      1.562196
 30.575806  40.215992       -76.037      1.728659
 31.560190  40.257880       -75.026      2.343294
 32.545671  40.291418       -82.465      2.906709
 33.532009  40.316587       -81.790      2.906709
 34.518960  40.333374       -61.752      1.639025
 35.506279  40.341770         6.293      0.653049
 36.493721  40.341770        17.761      1.575001
 37.481041  40.333374        23.698      2.023172
 38.467992  40.316587        22.920      1.779879
 39.454329  40.291418        -8.363      1.242074
 40.439811  40.257880       -41.727      1.152440
 41.424194  40.215992       -56.469      1.190854
 42.407241  40.165777       -35.883      0.806708
 43.388714  40.107261         2.563      1.011586
 44.368381  40.040475        10.429      1.062805
 45.346013  39.965457         9.701      0.281707
 24.388474  38.998162        10.289      0.102439
 25.346755  39.090419        21.095      0.307317
 26.307438  39.174812        40.009      0.486586
 27.270322  39.251299        76.111      1.126830
 28.235200  39.319840       -86.847      1.882318
 29.201859  39.380402       -69.649      2.151220
 30.170087  39.432952       -57.606      2.189635
 31.139664  39.477464       -42.740      3.098782
 32.110370  39.513914       -34.895      4.071953
 33.081982  39.542284       -48.225      1.408537
 34.054276  39.562559       -57.628      0.985976
 35.027024  39.574728       -35.130      0.883537
 36.000000  39.578785        -9.551      1.101220
 36.972976  39.574728         9.613      1.408537
 37.945725  39.562559        21.397      1.600610
 38.918018  39.542284        26.510      1.510976
 39.889631  39.513914        48.558      1.485366
 40.860337  39.477464        66.284      1.037196
 41.829914  39.432952       -63.498      0.614634
 42.798141  39.380402       -31.002      0.665854
 43.764801  39.319840        -5.284      0.704269
 44.729678  39.251299         0.511      0.332927
 45.692562  39.174812       -14.770      0.038415
 24.080738  38.202277        58.179      0.038415
 25.024845  38.295225        41.383      0.409756
 25.971274  38.380587        44.386      0.973171
 26.919840  38.458323        54.471      0.896342
 27.870351  38.528395       -87.524      0.845122
 28.822613  38.590768       -53.485      2.189635
 29.776429  38.645413       -46.532      2.881099
 30.731596  38.692302       -38.216      2.023172
 31.687913  38.731411       -25.181      2.817074
 32.645173  38.762722       -18.129      3.431709
 33.603169  38.786219       -15.890      1.549391
 34.561690  38.801891       -42.066      1.024391
 35.520528  38.809728       -39.811      1.318903
 36.479472  38.809728       -14.571      1.485366
 37.438310  38.801891        -6.467      1.421342
 38.396832  38.786219        -0.205      0.985976
 39.354827  38.762722        30.610      0.755488
 40.312087  38.731411        50.841      1.728659
 41.268404  38.692302        64.658      0.985976
 42.223572  38.645413       -72.692      0.806708
 43.177387  38.590768       -43.434      0.345732
 44.129650  38.528395       -15.547      0.217683
 24.712452  37.496777        77.219      0.601830
 25.645047  37.582904        66.637      1.792684
 26.579711  37.661678        61.181      2.074391
 27.516267  37.733062        60.342      1.421342
 28.454536  37.797022       -48.932      0.486586
 29.394337  37.853530       -36.348      2.164025
 30.335484  37.902557       -50.987      1.101220
 31.277789  37.944081        57.472      0.486586
 32.221064  37.978083         4.675      1.024391
 33.165116  38.004545        -7.369      2.112806
 34.109752  38.023456       -28.466      0.909147
 35.054779  38.034806       -57.948      1.062805
 36.000000  38.038590       -43.455      0.576220
 36.945222  38.034806       -18.360      1.178049
 37.890248  38.023456       -32.883      1.357318
 38.834885  38.004545       -48.703      1.254879
 39.778937  37.978083       -67.969      0.691464
 40.722211  37.944081        15.205      0.294512
 41.664517  37.902557       -58.388      0.857927
 42.605664  37.853530       -68.251      0.934757
 43.545464  37.797022       -88.420      0.268903
 44.483734  37.733062        78.162      0.038415
 24.409164  36.695187       -46.743      0.281707
 25.328331  36.781882       -87.522      1.651830
 26.249495  36.861490        71.869      2.714635
 27.172495  36.933975        59.841      3.764636
 28.097165  36.999306        53.077      3.354879
 29.023337  37.057452        10.631      2.368903
 29.950842  37.108388        -5.047      1.357318
 30.879507  37.152091        76.463      1.037196
 31.809156  37.188540        67.939      1.280488
 32.739614  37.217719        52.066      0.345732
 33.670702  37.239616       -74.181      0.371342
 34.602240  37.254219       -81.773      1.011586
 35.534050  37.261522        84.836      0.921952
 36.465950  37.261522        62.837      0.281707
 37.397760  37.254219       -54.386      0.998781
 38.329299  37.239616       -67.111      1.779879
 39.260387  37.217719       -75.283      2.087196
 40.190844  37.188540       -75.209      1.344513
 41.120494  37.152091       -50.543      0.627439
 42.049159  37.108388       -62.268      0.729878
 42.976663  37.057452       -87.162      0.486586
 43.902836  36.999306        83.027      0.230488
 24.114587  35.890566        -6.928      1.037196
 25.020718  35.977638        -9.932      2.714635
 25.928773  36.057883        11.127      1.971952
 26.838602  36.131267        47.997      3.751831
 27.750054  36.197758        53.874      5.121953
 28.662974  36.257327        42.380      3.418904
 29.577207  36.309950        14.235      2.279269
 30.492593  36.355602        57.106      0.307317
 31.408970  36.394265        86.964      0.717073
 32.326177  36.425921       -89.139      0.614634
 33.244049  36.450557       -85.785      0.832317
 34.162421  36.468162       -88.717      1.050000
 35.081127  36.478728        87.808      0.755488
 36.000000  36.482251        55.337      0.435366
 36.918873  36.478728        71.649      0.038415
 37.837579  36.468162       -71.816      0.845122
 38.755951  36.450557       -79.931      1.126830
 39.673823  36.425921       -84.274      1.088415
 40.591030  36.394265       -82.201      0.563415
 41.507408  36.355602       -70.450      0.243293
 42.422793  36.309950       -85.412      0.243293
 43.337026  36.257327        85.615      0.230488
 24.721820  35.170287        -7.609      1.946342
 25.617142  35.250980        -0.740      3.098782
 26.514174  35.325066        30.548      3.367684
 27.412779  35.392515        46.985      4.097563
 28.312814  35.453300        50.785      2.740245
 29.214134  35.507394        41.465      1.126830
 30.116594  35.554776        48.922      0.320122
 31.020046  35.595426       -86.777      0.448171
 31.924339  35.629327       -73.634      0.665854
 32.829323  35.656464       -67.802      1.011586
 33.734845  35.676828       -69.047      0.947561
 34.640753  35.690408       -75.373      0.525000
 35.546892  35.697200       -50.575      0.102439
 36.453108  35.697200       -14.446      0.179268
 37.359247  35.690408       -23.807      0.102439
 38.265155  35.676828       -69.284      0.128049
 39.170678  35.656464       -84.350      0.179268
 40.075662  35.629327       -86.687      0.166463
 25.314217  34.440900        -6.810      0.589025
 26.198816  34.515500        23.085      0.755488
 27.084933  34.583712        43.059      1.741464
 27.972437  34.645510        44.661      1.101220
 28.861196  34.700869        35.309      0.601830
 29.751075  34.749767        27.666      0.473781
 30.641939  34.792185        27.323      0.345732
 31.533649  34.828106        36.566      0.153659
 32.426067  34.857516       -67.943      0.243293
 33.319053  34.880402       -57.088      0.525000
 34.212465  34.896756       -48.296      0.358537
 35.106161  34.906571       -39.134      0.115244
 36.000000  34.909844       -18.774      0.064024
 36.893839  34.906571       -15.712      0.051220
 37.787536  34.896756        -6.324      0.025610
 25.892149  33.702691       -72.033      0.051220
 26.766126  33.771478        38.485      0.179268
 27.641444  33.834096        36.301      0.256098
 28.517983  33.890520        20.859      0.217683
 29.395617  33.940729        16.432      0.307317
 30.274224  33.984704        17.790      0.422561
 31.153675  34.022428        18.902      0.563415
 32.033843  34.053887        19.815      0.589025
 32.914600  34.079069        18.484      0.589025
 33.795814  34.097964        15.631      0.640244
 34.677357  34.110565        18.142      0.563415
 35.559097  34.116866        23.111      0.345732
 36.440903  34.116866        31.459      0.051220
 29.916491  33.173139        13.467      0.128049
 30.783999  33.212457        15.361      0.179268
 31.652228  33.245751        17.191      0.281707
 32.521058  33.273008        18.021      0.460976
 33.390370  33.294218        18.548      0.653049
 34.260045  33.309374        19.423      0.781098
 35.129962  33.318469        21.249      0.717073
 36.000000  33.321501        24.040      0.294512
 36.870038  33.318469        31.138      0.051220
 31.280814  32.433276        14.293      0.038415
 32.138015  32.462395        16.039      0.051220
 32.995715  32.485702        17.208      0.102439
 33.853804  32.503190        18.608      0.230488
 34.712171  32.514852        19.856      0.371342
 35.570705  32.520684        20.802      0.268903
 32.611445  31.672597       -65.521      0.000000
 33.458225  31.692201       -22.338      0.000000
 34.305313  31.706209        17.492      0.025610
 35.152605  31.714615        19.553      0.051220
 36.000000  31.717417        19.030      0.025610
 33.890675  30.897162       -69.805      0.012805
 34.734308  30.908115       -68.452      0.012805